-72
214
12
-510
-629
806
876
607
-150
-377
-670
-75
-851
-873
301
356
-929
-755
-338
39
-118
576
-263
229
695
946
-548
702
-22
-961
869
-253
921
-299
872
722
885
915
150
769
461
503
-120
990
-707
-581
967
-290
187
-375
640
89
463
-166
-765
-652
731
873
-449
678
-785
-126
-835
776
-734
-812
-635
-279
371
-220
-85
-95
-964
-136
81
162
559
-702
-855
655
-877
605
-678
-514
-814
-344
916
-828
861
864
-536
-119
-824
-14
831
-907
582
-315
-554
745
-577
-684
-529
-297
-944
-906
-464
881
-735
-320
975
-903
-509
-910
490
-431
489
906
305
-741
-521
348
-373
311
-171
-214
558
-793
112
-501
135
279
-940
-776
-561
573
-384
420
729
620
200
73
336
567
-821
-135
60
-469
-467
-17
-187
665
659
-957
513
24
525
147
-860
215
-949
-599
897
-567
-639
-619
-445
895
170
35
749
-176
-583
-947
-305
-681
67
585
359
174
-83
785
372
-565
-64
930
-721
-943
-427
-875
172
658
-986
335
350
323
-981
493
619
-289
495
-603
303
-862
-383
277
-867
153
716
646
211
-97
240
-245
870
-2
-499
-725
-685
824
-616
399
19
-26
-446
597
-811
833
182
441
220
-861
88
-486
148
-555
-945
9
703
-803
347
7
-782
339
696
401
969
-598
308
748
781
514
501
-575
-836
-688
306
-831
-148
-715
84
834
16
-837
-312
-381
974
959
-28
-168
950
734
-621
-488
264
943
999
94
487
612
-103
929
-190
-18
622
254
-876
-732
361
33
867
58
-421
770
747
-125
783
418
571
-205
-251
291
22
17
423
168
767
213
865
-359
-918
976
117
-706
-291
901
269
-704
656
-615
-229
917
209
469
613
-34
-636
-354
-284
478
156
438
-919
-183
880
-57
317
-10
688
699
-443
650
-372
488
643
786
-994
-805
99
-29
-268
199
-276
-157
989
32
-4
450
164
416
732
-202
251
-314
-308
526
41
436
-200
290
357
3
-649
-930
-221
406
857
949
863
914
653
-432
-272
-920
884
958
-154
140
453
-12
-559
844
-665
-571
398
-256
-133
-917
-972
780
302
-3
505
-726
-574
610
391
-545
383
-602
-182
-387
-713
-374
329
-193
364
539
-858
165
-645
-516
-527
-899
345
777
-39
133
532
-473
120
-228
-960
109
-410
-563
320
509
953
205
690
830
132
-878
944
-94
-188
196
919
-551
-475
331
126
-437
413
-98
-767
-416
542
907
871
502
545
978
-515
-448
59
-349
-671
217
-237
-724
-425
-955
-537
-56
-864
-993
-737
473
-564
825
-869
-992
937
434
-640
212
744
778
-749
579
598
249
606
95
-650
337
-77
-463
-232
-720
-664
927
779
555
-689
-264
139
-712
934
-282
369
765
928
654
286
-541
-646
-542
-262
-534
839
466
882
595
373
424
652
-412
902
-382
-739
110
803
-696
-90
-273
-6
87
-357
-983
942
-958
310
-393
-389
-978
-843
-164
-408
-526
-624
-233
-596
-839
508
-663
368
691
854
920
890
-429
631
260
327
468
798
996
-546
-680
496
-413
-404
-531
-830
548
54
-959
36
-141
616
445
-797
243
-701
-140
-586
-49
-928
285
389
115
-386
-91
858
617
-506
507
-317
766
374
380
-260
-736
-834
-480
232
-822
-622
-863
701
253
462
451
550
578
-255
720
-780
-505
-459
-407
-522
-751
-898
-787
-61
-558
572
866
-789
-45
402
43
408
-826
-642
-189
216
-823
385
-535
529
63
262
326
789
114
738
245
-470
191
-65
429
868
-436
477
-594
-217
-492
-32
577
-31
237
-211
104
-533
-854
-478
228
715
-246
304
-252
-35
-653
-817
52
-498
670
-495
-874
-335
849
-215
-539
-952
684
-971
379
-543
-669
-799
-841
404
365
492
-46
773
-865
-376
137
-366
-900
-323
-254
-67
-301
746
-582
410
-341
-82
-504
400
663
955
-19
444
823
186
764
78
772
-618
-566
775
635
-274
106
642
-184
-572
816
-132
-462
918
70
-889
-296
-589
-234
246
-395
263
454
282
-840
-219
50
822
752
-775
-313
-727
-8
-322
910
476
-265
159
992
-676
-307
-921
459
832
113
324
-38
-719
-578
-89
771
-468
-201
266
-231
-868
737
-985
25
862
-401
714
341
-131
-179
602
222
-41
-247
850
-391
395
-802
-859
-914
727
-105
-236
366
-392
431
993
-243
877
-54
552
557
-92
982
932
-364
-968
977
-819
-673
998
-93
299
-766
-275
227
810
-161
-203
-158
-946
433
883
-617
-238
-370
-967
671
-948
281
712
-224
474
-938
-648
-975
101
175
-363
-147
-353
680
-294
-288
-729
827
510
-358
-893
750
-328
-590
-764
458
319
523
257
664
66
848
362
-999
940
758
-339
-481
-438
26
396
-441
-904
100
-362
596
-298
-846
283
-476
185
-84
-658
421
674
-662
878
-371
231
437
-883
660
449
44
632
936
-66
108
-277
-966
-752
681
-285
-786
968
981
-225
330
-283
65
683
-911
-208
-394
-597
924
-651
-123
970
966
-801
540
-304
233
-433
40
-798
8
-63
34
951
815
-100
146
-332
471
980
-880
-600
14
-772
236
-674
-242
645
599
846
223
626
859
-152
-107
479
-78
641
-311
-287
-447
-415
-452
154
-896
177
-460
248
316
908
-477
604
-411
-771
710
-608
-887
-365
888
-101
354
393
-932
105
42
157
-336
-333
-553
-580
315
600
152
169
-48
355
53
-129
-743
-37
856
-562
77
-175
797
988
728
-717
-489
-430
255
812
235
167
161
384
874
-143
-115
836
-942
723
82
997
-334
98
705
-177
-705
-342
686
-890
-439
-442
717
208
-687
472
-399
403
847
-385
736
511
-927
47
-428
-418
931
-998
-227
-607
-160
935
-47
538
-693
-206
733
-691
-199
-434
948
427
332
-781
-503
-759
570
628
-924
271
-218
129
-42
204
-587
794
672
-592
-30
382
957
-458
-611
-881
586
-605
300
-631
-950
-745
819
-343
-538
116
-457
-709
312
-174
287
-128
-196
-117
-465
-113
973
-810
-226
583
533
-728
49
343
-494
-346
588
-330
651
91
-153
574
-718
-532
618
166
-936
956
564
-585
-641
-894
-490
-130
-568
809
256
160
675
-497
541
75
562
270
-856
647
-832
103
-614
543
792
-926
151
-271
-820
48
-637
247
-995
-110
61
-941
-351
-849
-683
964
464
-116
252
-172
-230
-756
-550
-723
627
697
333
470
-142
-55
57
-222
-746
38
788
-931
983
0
549
328
-261
-591
565
-292
893
-620
455
963
707
-167
-633
430
-58
64
11
518
-969
517
-23
820
-340
412
-544
-267
-240
527
-934
-569
-13
-368
817
-710
-644
-808
711
-210
590
-997
-708
447
79
6
-422
-76
-923
-980
456
-27
-530
-777
-450
171
188
575
-223
623
426
-369
-355
971
-882
633
-496
560
805
-138
-396
-666
298
-324
621
-451
-991
662
428
-988
-659
-241
242
-99
-768
-248
787
875
-81
197
743
-102
340
-584
-295
173
-990
230
-643
603
753
417
68
-886
192
-474
-356
-979
485
-852
608
-426
-86
-698
-435
244
111
-71
694
708
735
375
-444
45
-454
709
-482
843
123
835
97
-857
-956
-519
-325
-20
801
-420
838
-523
761
-879
-485
138
-842
-672
482
376
-11
-50
842
274
128
-249
-757
179
522
828
-316
-579
637
136
-973
-165
938
724
-954
-390
-163
718
609
521
-525
-604
-378
629
-613
481
-901
-977
422
-601
-632
-461
29
-790
636
288
176
-825
321
-352
913
-414
-655
860
155
-623
905
-630
90
381
-69
-788
-794
537
-186
-402
93
886
667
851
-847
-453
740
267
292
-627
972
272
-740
524
-195
411
-626
811
346
995
677
-517
-70
219
-829
-9
-79
774
296
475
-902
634
-493
118
986
407
528
563
46
-80
119
-866
134
-647
-266
530
614
-388
-770
-68
-409
268
221
-556
500
1
-675
669
515
201
933
-518
131
821
-750
-547
-922
239
203
-137
443
561
392
344
793
566
-280
551
107
225
-424
465
-419
-909
353
899
589
687
892
-455
142
704
-513
-933
841
984
922
210
-714
754
818
141
363
-360
497
193
941
181
-25
390
911
-380
-703
-593
124
-111
189
-700
965
295
415
-573
807
-570
-302
757
-24
258
768
322
-606
587
27
-169
-625
278
-813
183
-406
-891
534
294
405
912
725
-122
30
-915
638
923
-350
-692
-892
668
-21
-677
900
782
-576
71
-456
-747
-104
334
198
592
-738
-610
584
238
-953
206
56
62
-984
-939
180
891
685
961
-239
814
-472
-804
795
903
273
440
18
-595
657
896
-484
-53
682
802
-549
-557
796
531
435
-293
452
-213
21
20
945
280
855
-185
-888
713
-711
370
-507
909
-300
-108
494
397
-327
96
648
-552
378
-916
-774
808
313
-337
145
409
739
698
568
-897
-181
367
15
837
985
83
-216
-970
498
719
-212
-198
-244
519
947
813
-806
-52
74
184
-800
386
69
791
-996
-405
-520
-51
-654
86
349
-398
-871
979
-679
-16
611
-695
314
-127
31
-560
-59
506
85
553
102
307
-321
-367
512
-853
-760
926
480
-139
751
-44
325
-792
581
2
-440
-730
-109
-278
202
-661
889
-791
-850
-827
-471
259
-87
673
-483
-987
760
-417
630
-974
-885
-612
-818
-512
-235
419
358
706
-204
342
666
-638
432
939
143
352
-884
-609
241
741
-347
-151
991
-257
-326
-7
55
-173
442
-656
194
-15
144
-762
-524
-500
-816
-773
879
-180
-848
158
826
425
-96
-925
76
-106
-935
414
-634
-908
-769
-838
309
467
439
-43
994
987
-348
-269
265
-74
742
127
601
721
-491
-159
624
224
-989
-281
72
-761
591
925
-194
693
-309
226
-588
799
-112
-511
-744
28
-310
-361
679
845
80
-528
962
-318
-502
649
593
-1
-156
-329
284
-207
-962
13
-686
-192
163
-144
-754
-155
-833
615
-124
-397
520
234
-763
-62
51
37
692
-667
-963
-682
804
852
-731
-809
10
388
-258
460
-783
-403
-872
275
-145
-807
504
446
-487
759
-270
-197
23
-779
730
297
-845
130
535
-895
-716
-209
-222
-508
755
554
894
338
556
829
-722
-844
178
-170
121
-912
676
-815
289
-149
-5
125
483
853
491
-286
840
-146
360
661
318
546
-114
448
-795
-306
-982
-479
-965
190
-905
763
625
-660
-178
-758
-259
-690
293
-319
-784
-697
-657
122
516
92
351
-976
-540
-121
644
-778
-134
887
261
-33
544
250
-303
-733
-331
-40
207
569
387
499
-742
580
960
800
-250
-162
639
756
-699
784
-913
700
486
-36
-937
377
898
149
-951
-379
-88
594
547
-694
-753
952
-870
-796
484
457
-628
-466
689
5
-73
394
904
536
195
762
-60
4
-191
-423
-345
-400
276
-668
-748
726
790
954
218
