3868
1124
4506
2713
2511
2995
294
1884
3978
2466
1659
3826
970
1943
2288
4791
4931
1294
411
4061
3085
3983
1652
2765
4513
3455
1664
2945
3875
700
4208
3950
3436
3402
1701
3821
4266
2232
3068
918
1504
2961
156
3497
4402
966
2228
3398
1673
556
1767
2629
745
2841
2349
4469
1799
2184
1697
4129
2258
829
1542
2521
4665
1720
753
1470
2002
4259
3955
355
3139
1440
4441
274
2310
3663
1369
91
1272
3980
462
2123
4675
1859
1177
314
2392
516
981
3829
3180
4044
2801
2252
1161
1480
4756
2483
4055
2584
4341
326
1005
1713
3949
2024
4838
2281
486
2488
344
3815
871
2555
4499
2844
2697
2947
3283
3681
35
1319
3462
3807
3460
3094
4194
1088
538
1997
375
702
303
2385
1106
1699
235
292
863
1063
1138
3207
3060
3415
2638
2424
3279
2332
2907
4414
1040
2791
2670
3318
1002
3233
2407
4163
2187
2522
2561
4355
2897
4797
4744
3672
3996
1310
797
4976
1215
2904
423
3155
4433
3269
4859
358
4747
3336
1630
126
2747
4130
3855
4573
4430
990
3235
2162
172
502
3513
898
580
3265
1179
1345
2667
3560
1728
4468
1764
2356
818
3551
834
2260
445
1945
4175
3782
2516
3738
3257
3201
796
4143
1288
3696
4018
3390
3828
1486
10
2881
2503
2577
482
1043
1895
4234
203
255
4606
12
1973
4830
710
4249
2694
4218
1707
3047
1561
2924
4109
4455
1892
2535
4761
1376
3670
341
4038
2968
3961
201
101
924
1022
742
4522
4569
2438
4306
2211
4843
4895
4368
2903
1419
803
1375
1815
4399
2433
4051
2357
108
1629
696
3587
3689
234
2778
4490
3491
2891
1641
4352
4595
2321
3285
2905
1077
2735
4528
2131
2376
2474
1623
4047
1910
3029
166
2609
1220
336
1244
1122
2927
3504
382
4481
1786
4737
300
4831
4574
2595
2908
4444
3368
2823
1770
2028
1695
1982
2601
142
1095
2780
2552
498
3090
3808
3129
2832
2155
267
4871
4501
2274
3518
1409
2792
1711
820
4867
4706
712
1463
4960
606
1611
703
856
4848
3331
2129
4947
4180
2594
1604
915
18
3588
4557
1397
1682
2076
279
1037
2689
1795
2990
1841
4366
4821
2087
3367
546
1597
1847
3002
1548
3391
4589
1676
3943
194
4131
935
2862
3195
3199
2239
3896
3289
245
4010
3247
3216
4227
1864
2224
59
466
54
1198
3017
49
2221
2941
3232
4584
4388
1595
1796
85
2833
2726
1266
3218
1339
1915
4224
430
3676
4725
1513
228
3242
805
646
883
929
3927
30
2979
3715
1214
4858
4039
3110
4353
2723
1502
2216
2082
1871
1165
3130
1760
750
4413
1907
2476
94
2255
3271
2240
4370
949
1820
4071
906
738
1092
2204
597
2377
529
3397
3371
1634
1705
2398
1619
4450
4213
3909
1420
3215
1229
2775
4774
868
385
4949
4078
3669
4169
2859
4324
1730
1948
4732
4316
444
2361
4708
4561
4597
4639
112
4652
3119
3785
1541
1913
1817
2346
3291
4730
3793
894
1050
1342
4509
4233
64
2375
2403
4901
4263
4657
836
3143
3457
4241
3813
1
3020
3357
27
4394
2124
4581
4832
1195
648
635
3642
4888
4893
3742
441
4736
663
1120
1422
2751
2218
265
3076
4385
183
3760
3749
1488
3862
2675
4834
2449
873
2485
4220
270
2523
928
1975
2257
133
1806
2757
1857
3071
4095
3540
2744
333
4850
3326
4607
2479
71
2885
386
1532
3827
1950
2770
2499
1989
2906
4664
763
1296
911
3737
1509
3990
823
2402
4608
1953
793
4134
4021
1413
2072
2401
2877
2389
3578
2530
2071
2922
104
1663
4881
1471
4741
2648
2406
3206
4997
3609
4633
121
3600
2707
1011
2308
3725
404
728
4889
1573
4592
1789
994
3394
2423
3111
2312
2755
4970
288
3677
1940
4030
2112
1041
4079
2896
1571
1340
4649
1330
4989
671
1264
29
4396
1729
1984
4437
2880
4215
4196
2086
878
2436
2378
4598
3608
1044
2158
559
2294
4570
3718
1160
3277
485
3638
76
4203
875
2089
3804
4875
1291
3834
4869
2612
2524
4113
1445
2400
2443
3845
1803
831
4126
535
2611
3987
4777
3387
1388
4739
4294
449
2491
2016
179
1715
1594
3276
2270
3304
4364
180
4439
4702
4766
2790
976
1249
2860
921
4646
1359
2276
2359
4119
1791
649
543
4710
3226
1448
2104
4360
1154
4715
155
4854
2251
354
2683
4720
3771
2473
1766
3230
1263
4638
1305
3801
4012
760
227
762
268
1917
2023
2343
577
2858
301
1944
1047
116
463
2337
657
1709
3685
1321
1113
1854
3773
2144
4176
2684
2289
3686
701
4495
4258
4374
4746
1769
557
4939
2181
2865
3665
1295
1303
3238
2431
1590
3050
165
2293
2701
3116
4508
3640
1494
3895
1085
4278
242
2939
612
1455
4666
4663
1712
3033
1378
2635
226
261
2526
3783
3797
3308
1978
3190
1216
472
1496
2849
777
3722
4768
103
4333
470
4938
2671
1438
4141
4091
1254
1562
3960
3680
3544
1431
4207
2038
4122
3684
536
456
3419
372
3136
3383
4498
4841
2909
4464
1173
4108
960
2889
1527
2971
4637
874
1512
1379
1980
1500
598
2029
3478
1025
4327
4037
2206
4691
2253
3078
4572
2336
4432
2706
2798
4204
4833
584
275
2842
1517
2413
2551
167
3018
4077
4898
512
2001
661
4074
1941
4534
507
1089
1824
2302
1167
2304
3995
1032
3530
1096
1435
1010
1134
1075
1271
249
1696
4330
1645
4802
1900
996
985
2284
2587
21
141
4174
3602
1631
1672
217
2462
2501
3816
4408
3958
4957
2847
2728
4229
2518
1787
1885
495
600
4112
2541
3765
2556
3659
3065
1347
4999
2643
2608
4757
709
1364
2654
2876
1292
232
345
1567
2390
2998
4060
4913
1467
1227
514
4403
4671
214
1207
2989
1150
4288
3536
585
530
150
1343
2331
1863
2549
2923
1166
4250
1539
3860
3917
1627
3042
945
1030
2597
3239
4873
3631
4028
2789
3181
2690
1111
3945
4751
3437
3229
340
2758
28
282
4676
1210
3777
503
2919
1135
3098
3208
3363
629
3708
4964
471
676
1406
1585
3977
3099
1992
4996
3461
1314
3979
792
881
351
1280
2855
2446
1516
1560
2434
1336
4615
3655
2111
4624
1348
3217
152
1667
1638
1658
2692
3598
2262
2425
63
952
3505
2708
3925
120
2893
127
3246
2630
2931
3601
824
4902
714
4842
1782
2892
3733
1248
3015
4321
1270
3520
590
2987
2901
7
4282
2371
4467
483
2233
2145
2767
4446
893
191
3768
3965
2951
4369
4054
1608
544
3490
106
1317
3280
119
3629
2774
3854
1804
599
2470
2148
2895
1656
343
4132
542
3886
4844
2607
3612
1675
3597
1169
3662
93
2997
3312
1164
4738
2374
1078
280
946
2969
3493
367
2088
1155
1014
2005
3348
2807
1382
2840
2368
2014
4157
1668
1374
2247
968
3666
711
4486
1060
3682
1752
1108
4512
4465
1293
3352
1121
2534
3470
4150
3305
1742
601
3494
1337
3568
4987
4644
4246
564
3517
3794
2588
900
206
2784
941
3421
982
2672
969
943
1268
1745
1670
3400
526
1751
861
2948
1979
3231
3377
2064
2196
1924
4420
1351
4451
962
4900
4943
3593
4338
1858
312
4114
3466
1247
3043
2192
2489
4897
4673
1416
4380
1125
1391
2986
145
983
607
4422
2219
1023
4139
3286
1636
4726
4345
1304
3953
1468
47
1753
1341
901
4199
1624
2285
3253
2404
3173
1801
2883
3618
1642
2631
2717
428
645
2920
2335
1602
3687
567
3941
4237
515
1204
3069
1071
736
3569
414
3971
3290
1415
3576
781
2351
3865
1714
999
4104
1970
4280
3495
2409
1132
1603
3780
2912
4948
3761
4182
1568
1258
4983
4795
1065
950
1870
1175
3907
2075
1383
60
2047
563
2313
1936
230
4883
317
2235
1186
4442
3814
1873
4935
3422
2759
3373
3384
4100
2291
256
4814
2550
4191
3432
4438
1221
323
685
1381
237
4382
561
15
2267
647
1325
2411
1969
2000
3967
2139
3962
3934
664
3547
2003
2015
123
2101
209
24
4358
2305
2687
539
4023
369
2263
3591
1919
2013
4348
757
4106
1555
296
4740
244
3355
2070
1394
4863
2295
3171
934
4219
1038
58
4166
2624
1074
190
2898
1690
86
1489
2509
2544
2062
4527
3994
169
4515
3739
1274
3258
4887
4340
889
3543
146
4046
74
2915
3243
1678
2120
1403
4733
726
3881
1616
4320
4681
1957
2958
1807
3380
2396
4959
154
4001
1867
3358
55
128
3134
2562
4846
2152
1057
583
1960
3688
2214
1798
283
2073
1453
1217
4354
3021
148
642
1147
3918
4276
3204
4674
4293
4384
1553
1275
956
4560
3621
2736
1070
2805
2490
975
4297
4192
4685
3219
1253
2234
3079
3045
3810
1816
1269
4929
3694
3486
731
199
3753
3138
2355
4779
3548
4759
278
2704
3763
936
3172
3463
88
4988
3001
484
2140
579
741
1581
4043
4718
638
1600
221
732
1932
2845
1534
3120
1255
4956
2622
3301
4350
3704
4214
1284
2418
2329
2201
859
1909
1256
2680
2753
3481
3795
653
2506
3637
1855
14
912
2468
1115
2644
2815
1743
3282
1990
4434
4212
3064
4064
1582
4017
153
4088
211
1072
4705
1350
1240
2487
3634
4260
882
857
286
3197
4190
3798
4179
1372
944
4874
1224
3788
754
4155
4519
1267
4695
890
8
1783
2486
4066
1551
3072
448
3635
3306
2653
4582
1610
4950
573
1686
4870
1937
2441
2410
1265
3022
3152
721
2932
407
2102
3293
3431
4248
3014
920
3592
2532
3710
2886
290
1478
4524
1447
679
3856
4476
1151
3411
2533
2822
4872
353
1726
3964
2633
2681
504
4168
1514
2712
1491
287
2050
2769
2978
1706
654
3910
2819
4612
3274
2925
3442
744
2393
2169
1013
2737
2752
1289
3935
3252
1856
2261
4128
1821
3145
1565
2760
4410
3888
2944
4544
4511
1159
4273
891
210
4319
4004
2836
3234
2890
1035
4494
2660
1252
48
1309
1592
3310
4418
619
1054
2222
4072
3240
4048
204
1583
200
4140
2020
853
3898
82
1805
3956
3751
895
3507
2949
2464
1853
723
4689
566
4645
2921
1774
718
2373
497
3189
523
930
3325
4721
4714
1996
4729
904
3861
3693
3664
4623
3565
4158
3296
4167
839
933
2243
4395
2432
447
2311
2366
3117
2119
425
4019
1506
3102
899
2497
4809
1972
1459
4932
3998
582
3182
1433
1019
3519
80
2586
3154
864
5000
1371
3574
4982
3438
4590
4332
3023
4655
3524
4921
733
43
3082
2879
424
4423
4707
161
636
3007
3778
114
1363
205
914
1929
747
4827
4700
4936
2884
370
1671
809
1418
2142
916
3297
2238
3220
1939
2185
4362
2459
2116
2827
3323
4820
1750
4792
2714
2605
3512
4223
315
4285
98
3420
2456
361
751
2887
1886
704
1920
759
1683
1008
427
4588
4758
1353
578
3164
2256
3267
4069
4404
887
3811
89
3938
4304
827
1717
1845
1734
2852
1882
1755
330
360
4571
865
1967
1812
1104
4783
2242
325
3993
362
3236
4323
1546
1414
2783
412
790
250
3583
1250
3162
3644
2350
1881
3586
3812
4717
848
42
4411
1059
451
3767
3882
4835
1469
626
147
4566
4782
2030
494
3027
4305
3650
3227
304
2172
465
993
1335
3550
505
1756
4216
22
188
26
587
4564
1974
3916
186
4998
4661
2318
1632
931
4222
1544
2750
2950
2820
223
2619
2484
96
3853
786
3426
617
1189
1012
3144
2367
4510
1897
2122
324
673
1515
1206
4891
3839
3066
1622
4542
2973
2018
3585
4435
1797
1384
2395
162
3147
531
4484
2572
1051
4969
4617
4788
637
2043
686
4148
2786
4677
2994
3894
2259
2452
216
2763
2081
2146
3652
2179
4778
3906
320
1988
4711
677
2215
1985
2180
4894
1615
33
4226
4311
4253
1511
1869
3889
596
253
866
594
4837
4027
2776
3639
2036
4611
541
814
3237
1721
1531
1740
528
4546
4946
460
3081
433
2632
2702
1233
1519
4217
548
3361
1570
927
4917
1068
4124
4336
4601
1837
2494
3261
1507
2138
1457
3118
3516
4049
4298
558
3150
2171
3833
193
1442
4238
849
4852
4377
2851
3863
4488
2323
347
4373
2236
4083
4860
1117
2559
2576
624
4472
263
2439
2198
1813
3774
3092
2636
163
1722
2746
1554
1828
3342
1327
1991
1090
1809
917
1133
4896
32
3893
4773
2189
4919
4991
3327
1000
4668
4579
3878
2732
4202
3982
816
3410
3088
1599
3716
4654
1129
3212
1843
4594
4847
4818
3651
1654
884
4794
3468
1191
3819
858
2105
2326
4138
1441
4743
815
1318
2058
1759
491
2782
4905
4022
2800
220
138
3346
2060
1692
40
2415
591
3566
3992
1301
1006
3125
1772
2040
4447
4152
1094
2447
521
239
443
3657
3730
2364
3724
4313
613
4386
1158
1605
3011
197
110
3661
768
1971
658
1896
4853
1878
4161
3623
3175
3315
1118
3083
2591
2869
437
376
2094
2991
2943
1178
2296
3559
1283
4699
758
4236
4632
655
3372
4142
2817
2802
780
2913
3483
4269
1323
4701
662
4081
4334
735
2649
2244
3374
3446
2193
1443
589
4696
4764
2590
4500
4059
1575
3973
1466
4925
4295
143
95
1661
2656
2319
3986
2834
2935
3526
2340
2565
2051
3062
3701
1024
2495
56
3024
3019
3452
1968
2011
1818
196
2093
3900
4487
1188
1328
2599
1119
691
2613
389
3049
755
3382
3932
1874
4851
1626
3940
547
1475
1633
2768
1034
4058
4080
3395
3546
3999
2604
3469
4349
715
3008
2992
4799
72
3515
958
159
877
1278
174
4329
2830
1152
4630
3135
4697
1219
1171
2856
4930
4267
2391
387
474
2045
1352
3668
2745
2984
2153
4419
3944
4026
2079
4979
3273
1080
2645
3700
1601
79
1411
681
3168
4955
4865
2676
1346
545
1875
4635
410
67
2621
4840
2703
668
3338
2563
2914
1563
4554
4459
767
3052
1402
4485
1838
2342
608
2502
1237
2916
2280
4763
2583
2967
2159
707
2764
2696
4993
3957
4688
1903
77
1788
4658
3902
4070
65
4375
4398
2993
787
588
1543
2121
2022
4287
1334
2382
4425
2383
4417
2330
4915
3503
1031
4068
4292
132
1066
565
1473
2564
3256
4201
3278
4232
53
3736
3108
306
593
464
1850
3423
2183
3537
3558
3974
1952
4041
4520
749
2008
1180
1139
3871
3473
4596
4504
4090
3055
2940
4239
3667
2894
1055
420
2157
1213
4985
4974
149
4880
4463
3555
264
1153
4934
1994
980
3214
2223
1852
2283
2325
2195
2813
4210
886
2226
2868
4772
4992
4760
73
2132
1067
1462
776
2475
1925
4303
2582
2370
4951
1648
743
3388
3302
3508
2199
2067
3445
3114
4622
2655
4244
281
2981
833
0
488
4189
3479
3056
532
4540
184
4391
3818
1593
2592
3128
3224
586
3459
4461
908
3683
2397
1073
131
3908
1606
2035
616
3913
4683
1196
4909
1016
3141
3673
4006
3529
2666
522
2615
4856
2857
4339
1655
438
240
2141
4525
4539
3630
4651
3471
659
4810
3254
1472
4980
1434
4845
4331
2052
4927
3787
1194
416
3329
574
3532
1609
3880
3858
1580
4942
2799
4123
3939
1017
2282
3025
4507
2412
1829
799
1465
2208
2640
1212
1021
1981
2097
907
2787
1262
3705
3255
3867
3416
4325
699
4300
1964
3376
1208
3292
3764
3184
2231
1172
182
4240
2202
4242
350
3000
1525
2096
3448
1407
4053
266
1790
4672
953
4421
4503
2673
3211
1064
1538
469
1398
2149
4272
298
1202
1935
2742
1995
2566
2324
2721
1579
1091
3158
50
1241
3012
37
627
1959
218
4475
318
16
215
2651
652
69
1660
640
4882
2946
1826
4307
3347
1966
2315
4698
3525
4376
3097
2078
3732
3040
808
2328
1942
4775
2416
1007
838
1643
1396
1300
1203
3298
1331
1637
1130
3026
117
2821
1316
373
1923
346
4776
2083
2614
1578
241
3892
1027
1591
3107
3997
2037
4195
977
429
4016
812
2225
1908
2579
2273
2618
1461
1361
1785
510
769
3408
533
3769
394
2853
2952
2795
436
641
3985
440
3857
3353
2482
4116
761
1598
2536
3617
4265
364
4251
2207
2668
3059
3179
2126
1392
3796
2205
3847
1015
4133
2513
909
520
2301
4643
299
3435
4284
1320
3113
739
2710
4822
3404
4781
888
3343
435
1436
4003
2465
2652
965
1103
3562
4198
2200
4477
4684
4057
2278
2688
3775
1477
1181
2964
1962
730
2628
3719
4547
2739
3337
4105
2430
1425
3198
847
1956
2581
1039
3654
1586
4013
1999
3299
2365
948
1199
187
492
2571
388
1912
1681
771
1393
1281
1662
2558
4817
4978
1680
1276
2128
1905
1635
870
2275
1749
87
3450
620
4400
4796
3899
2191
2230
2387
675
4861
2910
3332
4365
2727
113
3755
1849
4089
4183
1741
2250
2212
1492
212
3799
955
1524
4769
3487
3653
1102
855
130
185
4559
1811
2492
2188
3919
3625
3746
3063
2316
2794
2538
832
381
2546
3087
4819
11
2177
3728
2135
3379
2175
3679
2113
3729
359
2543
2348
3417
1239
2803
2695
869
2457
3884
2297
4093
1876
2471
2963
2059
2100
932
706
1156
3105
3762
3203
660
2617
3579
1354
2766
4075
972
4343
571
4453
1412
2114
1427
1479
3084
3057
3702
4965
225
3848
4344
1522
4922
3969
4981
2641
4716
168
4735
3873
3161
2669
2334
4407
1889
4669
513
525
4687
2327
164
1357
1931
1495
3830
4482
2322
3726
3054
496
4145
509
1285
4436
4784
3933
3196
2698
1187
2360
2004
2061
1444
4315
81
1493
4793
1748
2777
2107
3132
3165
2557
4868
2130
4543
1958
4631
4806
4798
923
1993
3891
4690
2161
1550
2646
285
3748
44
1485
4620
1487
2659
2679
862
1298
3870
795
3200
4254
3151
2054
2959
1618
2933
4200
319
1287
2693
3989
2213
392
4548
3942
2292
2812
770
2317
3439
813
2032
3756
2063
1833
224
3034
947
1607
2872
2033
2936
2505
2956
3360
4146
1793
4502
1827
3968
801
2553
4803
609
2911
238
480
4299
2458
4682
3499
4933
4575
248
2517
1702
3802
1315
1099
4371
3089
3248
3489
1778
2478
4801
3595
4474
3313
3599
17
273
4473
1333
1890
457
3988
622
4552
2339
4876
181
2197
4824
2477
896
614
3781
4719
4173
1677
302
4031
4314
1549
3500
713
4968
2972
3174
1693
2733
1380
2143
4750
3538
454
1861
2715
4440
1700
575
1145
4521
3492
1481
2460
4562
4040
3563
3626
3193
3177
1437
1105
4614
1552
3194
4065
408
1452
2754
2928
1299
2934
1860
4839
4767
4188
4529
1754
1446
19
4911
1385
3838
2720
3963
1360
1311
1192
2445
90
4704
3539
1650
4102
1775
2372
1808
4099
1058
1777
1537
2685
3044
789
1373
1955
2983
2164
1653
2117
1810
3458
2127
144
1657
4686
1429
3096
3101
134
687
421
3603
173
656
3509
3711
1107
229
136
4062
2109
2314
4008
534
4361
1259
2850
2711
4855
2871
4944
4351
4025
4283
2320
3191
4563
2874
2048
1640
4866
572
1589
4000
1679
3393
1114
4
3922
3249
2977
4829
4807
3952
3840
3365
3319
489
1231
3567
2026
2203
2279
692
2163
959
3823
405
2055
634
1033
461
4483
3456
3535
4271
3221
2422
1127
2034
4640
2515
4326
139
1844
4808
3303
4967
3086
1308
3914
4197
321
1566
2539
1647
1879
4568
2818
3477
4029
2718
3770
252
3413
475
4514
3324
1083
4516
2682
3123
2354
4545
3561
4879
3093
841
2637
4137
3713
1666
1322
4971
4892
3502
2531
1998
3100
3080
2399
2686
2835
4963
393
1732
553
4312
1143
455
62
782
4257
1569
3006
2150
2741
3850
826
2103
1087
4015
3745
4945
3750
3866
3126
4178
3474
1338
1508
843
4164
705
1822
1098
3622
3717
840
34
102
2176
31
581
4634
2309
2554
4825
905
828
3698
198
3757
3740
3851
3822
2248
3067
2996
1501
3157
478
1370
1197
2785
2918
3330
4274
3580
2528
2306
2133
3521
4397
458
3929
257
4228
2369
68
3594
479
3407
2779
4724
1771
1377
371
4765
2065
92
3619
4007
4558
1710
4454
1079
1097
3820
1533
1613
4954
2363
481
939
4914
135
4462
2046
1286
672
3596
3981
3430
1738
307
1349
1086
3333
2347
1780
4002
4171
4605
3584
3786
2442
1324
2165
1003
1800
1498
4262
2674
667
3475
3472
3188
2575
2826
4536
688
722
3575
2748
4785
3610
3633
4787
876
1674
3163
38
2106
2848
4270
4903
1404
2722
2578
3035
3328
4127
311
879
4144
1930
4036
4115
4728
2902
1725
3362
2151
3048
794
4753
3614
822
2863
1048
3121
4518
511
3281
4576
3449
2960
1765
1986
3482
4641
25
2500
356
391
363
3611
2734
3399
1228
4289
4429
1432
3440
1733
3926
2662
297
2560
4381
3707
2237
3747
4800
316
3533
3528
926
3073
4322
851
493
4206
2090
639
3825
2657
2867
3465
2639
4578
997
995
4328
4073
1704
2975
4035
1934
4184
2454
3433
3425
1868
1307
4986
219
3245
3183
729
357
426
1921
550
988
1757
1684
2069
2039
3991
3038
1142
5
450
2481
2781
208
1802
3523
4181
2762
2042
2419
3349
3924
2287
4984
4496
2873
3691
1417
293
23
2277
4412
1792
368
4823
3972
974
4401
3649
171
4458
1497
4356
1902
3869
4409
4723
1529
4390
3976
2118
2796
3648
2444
1408
3441
3317
3467
1946
365
4457
453
334
3541
3692
4593
1110
2437
4610
1193
2725
4618
4530
422
46
137
3223
57
1052
2838
867
401
4918
4492
2384
406
2217
2182
4762
4379
2772
2031
2731
2156
2540
1029
2647
1665
830
4815
2825
4247
725
1458
4556
4431
979
4149
2345
3624
4033
3010
1238
3897
3428
3058
4621
954
764
1232
3928
3350
2527
277
3545
674
115
4995
1851
4310
70
1691
1669
4752
1223
1230
1947
4045
3447
3791
1556
124
3321
4372
2154
4308
737
207
971
327
4084
1109
1614
2547
1362
4585
3202
845
3295
1784
4067
3554
1893
633
20
1136
1518
3429
4378
1036
3809
4151
3378
3646
246
4748
1724
1927
4415
2589
3699
3192
2771
4470
1794
4990
2386
3396
1872
432
2520
2580
2980
1484
4627
374
4532
4923
434
4966
3051
837
910
2866
2661
4953
694
400
3209
4648
821
615
897
3841
3714
4541
4097
4096
3032
1387
1617
4076
4567
3453
698
2974
195
3534
3879
3225
4517
3887
4619
1329
4211
4209
3412
1723
2007
650
4877
4586
1428
3322
3109
1535
233
78
4185
4117
3890
2353
3970
3266
3628
811
1222
4731
942
2650
1028
560
3779
175
3496
3454
468
254
4357
3356
4159
1399
4205
1848
938
2773
2806
335
3817
4692
1735
1687
2837
2634
3690
4604
1116
4275
595
3948
1708
610
2414
2352
1226
644
1020
9
4424
109
4162
1400
3759
3658
2241
289
442
2427
4186
2421
66
802
2210
2379
1426
3695
4538
305
439
3852
2705
3549
2084
3789
3615
1366
2519
338
3284
4962
2658
3557
3205
778
2268
1174
4406
262
3344
1596
3364
689
1831
2677
992
1898
4221
3859
508
1620
413
4107
1123
352
1781
3156
1762
1758
3627
2814
2620
1365
3287
1739
1773
3160
540
806
3936
651
3309
2716
2548
4056
2134
4629
2988
2380
2333
170
740
670
2056
2429
2567
2976
1588
2110
177
284
2025
3170
568
3776
2041
260
3647
4770
1144
2227
4011
3334
4101
4613
1846
3712
693
628
989
2730
4912
3920
3389
3003
1076
4098
3046
592
45
2472
1242
2743
2057
998
2864
2574
2828
4904
2068
4703
3510
2077
4153
2804
752
3876
1451
3272
1823
611
2246
4878
2080
4616
2099
3185
1162
3582
1302
3339
4565
1236
1168
4296
3905
1009
499
490
4231
2137
2568
4235
3849
3605
2009
4110
4005
377
4165
2623
2542
452
4225
1297
3522
791
4136
1439
1395
378
2388
3031
4660
2245
1306
4609
3370
3016
3142
772
4014
2793
3723
4790
3607
2066
380
1625
3877
2170
4628
2514
517
643
919
4452
746
3709
3975
3178
4466
4009
1523
1200
684
552
3616
2606
4082
4804
3149
2938
4187
844
3552
4456
1835
2957
4154
4941
569
3947
2469
3741
4405
4359
4120
61
2811
3169
860
2955
295
1185
151
774
3213
157
1499
1140
2428
1157
2307
2186
554
2600
1830
3531
1326
3210
1621
36
1646
4994
1703
1949
1877
3556
4916
2999
1332
4318
4577
2010
1084
3485
2569
4642
2809
1521
418
4734
3263
1368
1961
4591
2854
3645
4172
4063
178
4656
4290
2942
2271
107
576
1390
3832
3053
2453
518
1901
4309
2290
4647
632
850
3401
3772
783
122
3075
4789
4156
3984
2269
4135
852
719
4301
3028
1190
4745
784
4448
3874
4975
2839
3604
3643
4277
4580
4670
1819
524
202
4281
3345
2966
1082
342
2930
3392
2616
2965
4279
2019
105
4393
2570
3912
3484
937
4602
1983
4650
4742
683
716
2147
4479
1053
3260
2843
807
236
4342
1093
3228
2448
2493
4678
4722
940
1101
4653
3620
310
3675
4828
2691
3836
3754
717
1779
3752
4416
1536
4170
1963
1834
4550
4460
1526
2888
1716
1894
3903
4535
4111
2178
4599
2435
398
4890
4659
666
2729
1866
1209
3589
3697
3806
3844
4086
1218
537
2209
403
1564
748
2012
3921
4811
3
2699
383
1112
2808
3901
2095
1148
3570
3381
4034
4680
1768
1170
1761
384
1474
961
697
4937
1141
2006
2917
2642
3744
3636
2254
477
500
3511
3004
1736
1061
2272
52
1698
2420
2954
913
2756
4771
2286
1386
964
3403
4886
1814
4849
1918
2450
4160
1510
2953
1062
1251
2264
3674
3766
1069
2512
3803
1727
1128
4256
158
3434
3498
4103
1747
1277
4551
4392
2882
4125
4836
3837
3706
3506
3451
1904
1744
2498
3966
3314
1018
3124
854
1004
4147
2173
3553
3883
1911
630
189
1891
1456
903
4713
4906
3300
885
1746
3606
951
779
1574
1840
3251
3915
1694
1201
4428
1273
4427
2573
902
2265
3656
2085
3835
4243
2125
419
3734
973
3872
2824
3186
3703
3037
680
459
3341
695
678
1235
1476
1312
379
3792
1639
4662
3671
3542
4533
2585
3904
2926
2985
4952
603
1559
4920
4085
3842
231
957
1883
1880
222
329
1731
2249
1612
2440
2724
724
2788
3951
2761
4727
99
817
1558
2174
3923
4625
84
1577
4050
2463
3335
3127
835
2545
1976
3359
3159
2049
1628
1584
2740
1951
1205
2229
4286
247
555
97
1839
3009
3464
3320
1246
2510
4497
1865
3369
3176
3758
1862
111
390
3385
2875
3660
3414
3911
1520
2467
1421
2508
621
4531
4177
727
819
2362
3488
4600
3262
3250
1260
978
4480
3244
3954
1081
328
4387
3030
2405
2408
3187
2455
4471
880
3270
1965
1176
2451
602
986
1131
967
3564
4754
2529
309
4245
243
1649
3406
1234
773
4337
1926
1832
271
1977
3405
3103
3148
4346
2299
3613
415
1688
1836
4907
4679
3571
551
1056
1528
4908
1279
1410
1888
4755
3013
2738
2626
4042
2664
4926
2091
4389
1401
4583
4193
2537
2596
308
2831
337
825
2344
396
4317
775
872
251
3122
4667
519
1899
2480
1547
2092
501
4302
1405
2053
2625
1225
922
1651
2266
3041
1100
3784
1149
4426
1689
2870
1257
3091
3366
331
4862
1503
631
3846
4826
804
3514
1954
4537
2190
3268
788
3375
604
2719
3137
417
3930
4363
2829
4032
3937
1464
1049
1182
1313
2044
3641
506
446
4940
467
4972
2
3112
3340
810
4749
2160
4264
3167
2220
669
3864
1026
2168
3294
2709
3077
527
765
3264
1557
1685
1046
4603
4445
3386
3572
4094
39
3444
3005
1389
1184
259
1243
3070
1540
987
3427
3790
1916
4958
1825
2878
3307
4786
4449
2982
4805
487
1146
3418
2603
1887
4709
4118
409
75
4523
4693
1922
4694
605
2115
2098
4549
1430
4928
2663
2797
1530
1576
3288
1906
3743
366
3275
125
3678
4052
348
2665
4780
4268
4910
4443
1842
2017
3115
3036
3632
3727
3480
3146
3095
1424
1449
2027
1183
3800
3409
3166
4555
4813
4335
4816
4885
2525
3443
2810
1245
1344
4636
4020
3316
1367
4087
3106
322
846
4291
3573
3590
4973
395
269
3131
1460
3074
1737
1282
720
3805
291
3721
160
2899
140
473
3581
2167
213
4491
4252
2394
3476
4812
690
1483
991
3311
1042
2194
2627
1719
4924
3946
3140
3577
2602
4864
3222
2496
1450
4857
3424
4553
258
842
3720
2341
4092
2700
129
3351
2074
3501
2338
4977
3259
2929
800
349
3354
3959
3153
4489
2610
1356
1718
1126
476
1423
2816
3061
192
756
2970
1928
4121
2358
1355
625
4024
1505
766
1261
1482
402
4478
3931
3885
2846
1211
3104
785
431
2461
399
623
4261
4712
2900
2298
1914
1163
3831
2678
2166
6
570
4526
3527
3824
1938
734
272
313
1490
4255
4899
4961
100
2507
4493
4884
276
1454
3133
618
2136
1933
665
963
2962
4367
3735
3731
1137
2593
3039
798
1587
708
682
1763
2381
1776
1987
118
176
2749
4626
2504
892
1644
2021
2861
4587
397
2598
3241
2417
4230
2426
83
3843
4347
2937
1290
1001
2108
984
925
562
41
51
1045
1358
339
1545
2303
4383
332
1572
2300
4505
549
